000000000
100000000
010000000
001000000
000100000
000001000
000000100
000000010
000000001
110000000
101000000
100100000
100001000
100000100
100000010
100000001
011000000
010100000
010001000
010000100
010000010
010000001
001100000
001001000
001000100
001000010
001000001
000101000
000100100
000100010
000100001
000001100
000001010
000001001
000000110
000000101
000000011
111000000
110100000
110001000
110000100
110000010
110000001
101100000
101001000
101000100
101000010
101000001
100101000
100100100
100100010
100100001
100001100
100001010
100001001
100000110
100000101
100000011
011100000
011001000
011000100
011000010
011000001
010101000
010100100
010100010
010100001
010001100
010001010
010001001
010000110
010000101
010000011
001101000
001100100
001100010
001100001
001001100
001001010
001001001
001000110
001000101
001000011
000101100
000101010
000101001
000100110
000100101
000100011
000001110
000001101
000001011
000000111
111100000
111001000
111000100
111000010
111000001
110101000
110100100
110100010
110100001
110001100
110001010
110001001
110000110
110000101
110000011
101101000
101100100
101100010
101100001
101001100
101001010
101001001
101000110
101000101
101000011
100101100
100101010
100101001
100100110
100100101
100100011
100001110
100001101
100001011
100000111
011101000
011100100
011100010
011100001
011001100
011001010
011001001
011000110
011000101
011000011
010101100
010101010
010101001
010100110
010100101
010100011
010001110
010001101
010001011
010000111
001101100
001101010
001101001
001100110
001100101
001100011
001001110
001001101
001001011
001000111
000101110
000101101
000101011
000100111
000001111
111101000
111100100
111100010
111100001
111001100
111001010
111001001
111000110
111000101
111000011
110101100
110101010
110101001
110100110
110100101
110100011
110001110
110001101
110001011
110000111
101101100
101101010
101101001
101100110
101100101
101100011
101001110
101001101
101001011
101000111
100101110
100101101
100101011
100100111
100001111
011101100
011101010
011101001
011100110
011100101
011100011
011001110
011001101
011001011
011000111
010101110
010101101
010101011
010100111
010001111
001101110
001101101
001101011
001100111
001001111
000101111
111101100
111101010
111101001
111100110
111100101
111100011
111001110
111001101
111001011
111000111
110101110
110101101
110101011
110100111
110001111
101101110
101101101
101101011
101100111
101001111
100101111
011101110
011101101
011101011
011100111
011001111
010101111
001101111
111101110
111101101
111101011
111100111
111001111
110101111
101101111
011101111
111101111